solid 
 facet normal  0.000000e+00  1.000000e+00  0.000000e+00
   outer loop
     vertex  7.500000e+01  7.500000e+01  0.000000e+00
     vertex -7.500000e+01  7.500000e+01  0.000000e+00
     vertex -7.500000e+01  7.500000e+01  6.000000e+01
   endloop
 endfacet
 facet normal  0.000000e+00  1.000000e+00  0.000000e+00
   outer loop
     vertex  7.500000e+01  7.500000e+01  6.000000e+01
     vertex  7.500000e+01  7.500000e+01  0.000000e+00
     vertex -7.500000e+01  7.500000e+01  6.000000e+01
   endloop
 endfacet
 facet normal -1.000000e+00  0.000000e+00  0.000000e+00
   outer loop
     vertex -7.500000e+01  7.500000e+01  0.000000e+00
     vertex -7.500000e+01 -7.500000e+01  0.000000e+00
     vertex -7.500000e+01 -7.500000e+01  6.000000e+01
   endloop
 endfacet
 facet normal -1.000000e+00 -0.000000e+00 -0.000000e+00
   outer loop
     vertex -7.500000e+01  7.500000e+01  6.000000e+01
     vertex -7.500000e+01  7.500000e+01  0.000000e+00
     vertex -7.500000e+01 -7.500000e+01  6.000000e+01
   endloop
 endfacet
 facet normal  0.000000e+00 -1.000000e+00  0.000000e+00
   outer loop
     vertex  7.500000e+01 -7.500000e+01  0.000000e+00
     vertex -7.500000e+01 -7.500000e+01  6.000000e+01
     vertex -7.500000e+01 -7.500000e+01  0.000000e+00
   endloop
 endfacet
 facet normal -0.000000e+00 -1.000000e+00 -0.000000e+00
   outer loop
     vertex  7.500000e+01 -7.500000e+01  6.000000e+01
     vertex -7.500000e+01 -7.500000e+01  6.000000e+01
     vertex  7.500000e+01 -7.500000e+01  0.000000e+00
   endloop
 endfacet
 facet normal  1.000000e+00  0.000000e+00  0.000000e+00
   outer loop
     vertex  7.500000e+01  7.500000e+01  0.000000e+00
     vertex  7.500000e+01 -7.500000e+01  6.000000e+01
     vertex  7.500000e+01 -7.500000e+01  0.000000e+00
   endloop
 endfacet
 facet normal  1.000000e+00  0.000000e+00  0.000000e+00
   outer loop
     vertex  7.500000e+01  7.500000e+01  6.000000e+01
     vertex  7.500000e+01 -7.500000e+01  6.000000e+01
     vertex  7.500000e+01  7.500000e+01  0.000000e+00
   endloop
 endfacet
 facet normal  0.000000e+00  0.000000e+00  1.000000e+00
   outer loop
     vertex -5.781831e+01 -5.623490e+01  6.000000e+01
     vertex -7.500000e+01 -7.500000e+01  6.000000e+01
     vertex -5.623490e+01 -5.781831e+01  6.000000e+01
   endloop
 endfacet
 facet normal  0.000000e+00  0.000000e+00  1.000000e+00
   outer loop
     vertex -5.900969e+01 -5.433884e+01  6.000000e+01
     vertex -7.500000e+01 -7.500000e+01  6.000000e+01
     vertex -5.781831e+01 -5.623490e+01  6.000000e+01
   endloop
 endfacet
 facet normal  0.000000e+00  0.000000e+00  1.000000e+00
   outer loop
     vertex -5.433884e+01 -5.900969e+01  6.000000e+01
     vertex -5.623490e+01 -5.781831e+01  6.000000e+01
     vertex -7.500000e+01 -7.500000e+01  6.000000e+01
   endloop
 endfacet
 facet normal  0.000000e+00  0.000000e+00  1.000000e+00
   outer loop
     vertex -5.974928e+01 -5.222521e+01  6.000000e+01
     vertex -7.500000e+01 -7.500000e+01  6.000000e+01
     vertex -5.900969e+01 -5.433884e+01  6.000000e+01
   endloop
 endfacet
 facet normal  0.000000e+00  0.000000e+00  1.000000e+00
   outer loop
     vertex -5.222521e+01 -5.974928e+01  6.000000e+01
     vertex -5.433884e+01 -5.900969e+01  6.000000e+01
     vertex -7.500000e+01 -7.500000e+01  6.000000e+01
   endloop
 endfacet
 facet normal  0.000000e+00  0.000000e+00  1.000000e+00
   outer loop
     vertex -6.000000e+01 -5.000000e+01  6.000000e+01
     vertex -7.500000e+01 -7.500000e+01  6.000000e+01
     vertex -5.974928e+01 -5.222521e+01  6.000000e+01
   endloop
 endfacet
 facet normal  0.000000e+00  0.000000e+00  1.000000e+00
   outer loop
     vertex -5.000000e+01 -6.000000e+01  6.000000e+01
     vertex -5.222521e+01 -5.974928e+01  6.000000e+01
     vertex -7.500000e+01 -7.500000e+01  6.000000e+01
   endloop
 endfacet
 facet normal  0.000000e+00  0.000000e+00  1.000000e+00
   outer loop
     vertex -6.000000e+01  5.000000e+01  6.000000e+01
     vertex -7.500000e+01 -7.500000e+01  6.000000e+01
     vertex -6.000000e+01 -5.000000e+01  6.000000e+01
   endloop
 endfacet
 facet normal  0.000000e+00  0.000000e+00  1.000000e+00
   outer loop
     vertex  5.000000e+01 -6.000000e+01  6.000000e+01
     vertex -5.000000e+01 -6.000000e+01  6.000000e+01
     vertex -7.500000e+01 -7.500000e+01  6.000000e+01
   endloop
 endfacet
 facet normal  0.000000e+00  0.000000e+00  1.000000e+00
   outer loop
     vertex -7.500000e+01  7.500000e+01  6.000000e+01
     vertex -5.900969e+01  5.433884e+01  6.000000e+01
     vertex -5.781831e+01  5.623490e+01  6.000000e+01
   endloop
 endfacet
 facet normal  0.000000e+00  0.000000e+00  1.000000e+00
   outer loop
     vertex -7.500000e+01  7.500000e+01  6.000000e+01
     vertex -5.974928e+01  5.222521e+01  6.000000e+01
     vertex -5.900969e+01  5.433884e+01  6.000000e+01
   endloop
 endfacet
 facet normal  0.000000e+00  0.000000e+00  1.000000e+00
   outer loop
     vertex -7.500000e+01  7.500000e+01  6.000000e+01
     vertex -6.000000e+01  5.000000e+01  6.000000e+01
     vertex -5.974928e+01  5.222521e+01  6.000000e+01
   endloop
 endfacet
 facet normal  0.000000e+00  0.000000e+00  1.000000e+00
   outer loop
     vertex -7.500000e+01  7.500000e+01  6.000000e+01
     vertex -7.500000e+01 -7.500000e+01  6.000000e+01
     vertex -6.000000e+01  5.000000e+01  6.000000e+01
   endloop
 endfacet
 facet normal  0.000000e+00  0.000000e+00  1.000000e+00
   outer loop
     vertex  7.500000e+01 -7.500000e+01  6.000000e+01
     vertex  5.222521e+01 -5.974928e+01  6.000000e+01
     vertex  5.000000e+01 -6.000000e+01  6.000000e+01
   endloop
 endfacet
 facet normal  0.000000e+00  0.000000e+00  1.000000e+00
   outer loop
     vertex  7.500000e+01 -7.500000e+01  6.000000e+01
     vertex  5.433884e+01 -5.900969e+01  6.000000e+01
     vertex  5.222521e+01 -5.974928e+01  6.000000e+01
   endloop
 endfacet
 facet normal  0.000000e+00  0.000000e+00  1.000000e+00
   outer loop
     vertex  7.500000e+01 -7.500000e+01  6.000000e+01
     vertex  5.623490e+01 -5.781831e+01  6.000000e+01
     vertex  5.433884e+01 -5.900969e+01  6.000000e+01
   endloop
 endfacet
 facet normal  0.000000e+00  0.000000e+00  1.000000e+00
   outer loop
     vertex  7.500000e+01 -7.500000e+01  6.000000e+01
     vertex  5.000000e+01 -6.000000e+01  6.000000e+01
     vertex -7.500000e+01 -7.500000e+01  6.000000e+01
   endloop
 endfacet
 facet normal  0.000000e+00  0.000000e+00  1.000000e+00
   outer loop
     vertex  5.781831e+01 -5.623490e+01  6.000000e+01
     vertex  5.623490e+01 -5.781831e+01  6.000000e+01
     vertex  7.500000e+01 -7.500000e+01  6.000000e+01
   endloop
 endfacet
 facet normal  0.000000e+00  0.000000e+00  1.000000e+00
   outer loop
     vertex -5.623490e+01  5.781831e+01  6.000000e+01
     vertex -7.500000e+01  7.500000e+01  6.000000e+01
     vertex -5.781831e+01  5.623490e+01  6.000000e+01
   endloop
 endfacet
 facet normal  0.000000e+00  0.000000e+00  1.000000e+00
   outer loop
     vertex  5.900969e+01 -5.433884e+01  6.000000e+01
     vertex  5.781831e+01 -5.623490e+01  6.000000e+01
     vertex  7.500000e+01 -7.500000e+01  6.000000e+01
   endloop
 endfacet
 facet normal  0.000000e+00  0.000000e+00  1.000000e+00
   outer loop
     vertex -5.433884e+01  5.900969e+01  6.000000e+01
     vertex -7.500000e+01  7.500000e+01  6.000000e+01
     vertex -5.623490e+01  5.781831e+01  6.000000e+01
   endloop
 endfacet
 facet normal  0.000000e+00  0.000000e+00  1.000000e+00
   outer loop
     vertex -5.222521e+01  5.974928e+01  6.000000e+01
     vertex -7.500000e+01  7.500000e+01  6.000000e+01
     vertex -5.433884e+01  5.900969e+01  6.000000e+01
   endloop
 endfacet
 facet normal  0.000000e+00  0.000000e+00  1.000000e+00
   outer loop
     vertex  5.974928e+01 -5.222521e+01  6.000000e+01
     vertex  5.900969e+01 -5.433884e+01  6.000000e+01
     vertex  7.500000e+01 -7.500000e+01  6.000000e+01
   endloop
 endfacet
 facet normal  0.000000e+00  0.000000e+00  1.000000e+00
   outer loop
     vertex -5.000000e+01  6.000000e+01  6.000000e+01
     vertex -7.500000e+01  7.500000e+01  6.000000e+01
     vertex -5.222521e+01  5.974928e+01  6.000000e+01
   endloop
 endfacet
 facet normal  0.000000e+00  0.000000e+00  1.000000e+00
   outer loop
     vertex  6.000000e+01 -5.000000e+01  6.000000e+01
     vertex  5.974928e+01 -5.222521e+01  6.000000e+01
     vertex  7.500000e+01 -7.500000e+01  6.000000e+01
   endloop
 endfacet
 facet normal  0.000000e+00  0.000000e+00  1.000000e+00
   outer loop
     vertex  6.000000e+01  5.000000e+01  6.000000e+01
     vertex  6.000000e+01 -5.000000e+01  6.000000e+01
     vertex  7.500000e+01 -7.500000e+01  6.000000e+01
   endloop
 endfacet
 facet normal  0.000000e+00  0.000000e+00  1.000000e+00
   outer loop
     vertex  7.500000e+01  7.500000e+01  6.000000e+01
     vertex  5.974928e+01  5.222521e+01  6.000000e+01
     vertex  6.000000e+01  5.000000e+01  6.000000e+01
   endloop
 endfacet
 facet normal  0.000000e+00  0.000000e+00  1.000000e+00
   outer loop
     vertex  7.500000e+01  7.500000e+01  6.000000e+01
     vertex  5.900969e+01  5.433884e+01  6.000000e+01
     vertex  5.974928e+01  5.222521e+01  6.000000e+01
   endloop
 endfacet
 facet normal  0.000000e+00  0.000000e+00  1.000000e+00
   outer loop
     vertex  7.500000e+01  7.500000e+01  6.000000e+01
     vertex  5.781831e+01  5.623490e+01  6.000000e+01
     vertex  5.900969e+01  5.433884e+01  6.000000e+01
   endloop
 endfacet
 facet normal  0.000000e+00  0.000000e+00  1.000000e+00
   outer loop
     vertex  7.500000e+01  7.500000e+01  6.000000e+01
     vertex  5.623490e+01  5.781831e+01  6.000000e+01
     vertex  5.781831e+01  5.623490e+01  6.000000e+01
   endloop
 endfacet
 facet normal  0.000000e+00  0.000000e+00  1.000000e+00
   outer loop
     vertex  7.500000e+01  7.500000e+01  6.000000e+01
     vertex  5.433884e+01  5.900969e+01  6.000000e+01
     vertex  5.623490e+01  5.781831e+01  6.000000e+01
   endloop
 endfacet
 facet normal  0.000000e+00  0.000000e+00  1.000000e+00
   outer loop
     vertex  7.500000e+01  7.500000e+01  6.000000e+01
     vertex  5.222521e+01  5.974928e+01  6.000000e+01
     vertex  5.433884e+01  5.900969e+01  6.000000e+01
   endloop
 endfacet
 facet normal  0.000000e+00  0.000000e+00  1.000000e+00
   outer loop
     vertex  7.500000e+01  7.500000e+01  6.000000e+01
     vertex  5.000000e+01  6.000000e+01  6.000000e+01
     vertex  5.222521e+01  5.974928e+01  6.000000e+01
   endloop
 endfacet
 facet normal  0.000000e+00  0.000000e+00  1.000000e+00
   outer loop
     vertex  7.500000e+01  7.500000e+01  6.000000e+01
     vertex  6.000000e+01  5.000000e+01  6.000000e+01
     vertex  7.500000e+01 -7.500000e+01  6.000000e+01
   endloop
 endfacet
 facet normal  0.000000e+00  0.000000e+00  1.000000e+00
   outer loop
     vertex  7.500000e+01  7.500000e+01  6.000000e+01
     vertex -7.500000e+01  7.500000e+01  6.000000e+01
     vertex -5.000000e+01  6.000000e+01  6.000000e+01
   endloop
 endfacet
 facet normal  0.000000e+00  0.000000e+00  1.000000e+00
   outer loop
     vertex  7.500000e+01  7.500000e+01  6.000000e+01
     vertex -5.000000e+01  6.000000e+01  6.000000e+01
     vertex  5.000000e+01  6.000000e+01  6.000000e+01
   endloop
 endfacet
 facet normal -0.000000e+00  0.000000e+00 -1.000000e+00
   outer loop
     vertex  7.500000e+01  7.500000e+01  0.000000e+00
     vertex -7.500000e+01 -7.500000e+01  0.000000e+00
     vertex -7.500000e+01  7.500000e+01  0.000000e+00
   endloop
 endfacet
 facet normal  0.000000e+00 -0.000000e+00 -1.000000e+00
   outer loop
     vertex  7.500000e+01  7.500000e+01  0.000000e+00
     vertex  7.500000e+01 -7.500000e+01  0.000000e+00
     vertex -7.500000e+01 -7.500000e+01  0.000000e+00
   endloop
 endfacet
 facet normal -1.000000e+00  0.000000e+00  0.000000e+00
   outer loop
     vertex  6.000000e+01 -5.000000e+01  1.000000e+01
     vertex  6.000000e+01  5.000000e+01  6.000000e+01
     vertex  6.000000e+01  5.000000e+01  1.000000e+01
   endloop
 endfacet
 facet normal -1.000000e+00  0.000000e+00  0.000000e+00
   outer loop
     vertex  6.000000e+01 -5.000000e+01  6.000000e+01
     vertex  6.000000e+01  5.000000e+01  6.000000e+01
     vertex  6.000000e+01 -5.000000e+01  1.000000e+01
   endloop
 endfacet
 facet normal -9.937122e-01 -1.119645e-01 -1.191473e-19
   outer loop
     vertex  5.974928e+01  5.222521e+01  6.000000e+01
     vertex  6.000000e+01  5.000000e+01  1.000000e+01
     vertex  6.000000e+01  5.000000e+01  6.000000e+01
   endloop
 endfacet
 facet normal -9.937122e-01 -1.119645e-01 -0.000000e+00
   outer loop
     vertex  5.974928e+01  5.222521e+01  6.000000e+01
     vertex  5.974928e+01  5.222521e+01  1.000000e+01
     vertex  6.000000e+01  5.000000e+01  1.000000e+01
   endloop
 endfacet
 facet normal -9.438833e-01 -3.302791e-01 -0.000000e+00
   outer loop
     vertex  5.974928e+01  5.222521e+01  6.000000e+01
     vertex  5.900969e+01  5.433884e+01  1.000000e+01
     vertex  5.974928e+01  5.222521e+01  1.000000e+01
   endloop
 endfacet
 facet normal -8.467242e-01 -5.320321e-01 -0.000000e+00
   outer loop
     vertex  5.900969e+01  5.433884e+01  6.000000e+01
     vertex  5.781831e+01  5.623490e+01  1.000000e+01
     vertex  5.900969e+01  5.433884e+01  1.000000e+01
   endloop
 endfacet
 facet normal -9.438833e-01 -3.302791e-01 -0.000000e+00
   outer loop
     vertex  5.900969e+01  5.433884e+01  6.000000e+01
     vertex  5.900969e+01  5.433884e+01  1.000000e+01
     vertex  5.974928e+01  5.222521e+01  6.000000e+01
   endloop
 endfacet
 facet normal -8.467242e-01 -5.320321e-01 -0.000000e+00
   outer loop
     vertex  5.781831e+01  5.623490e+01  6.000000e+01
     vertex  5.781831e+01  5.623490e+01  1.000000e+01
     vertex  5.900969e+01  5.433884e+01  6.000000e+01
   endloop
 endfacet
 facet normal -7.071068e-01 -7.071068e-01 -0.000000e+00
   outer loop
     vertex  5.623490e+01  5.781831e+01  6.000000e+01
     vertex  5.623490e+01  5.781831e+01  1.000000e+01
     vertex  5.781831e+01  5.623490e+01  1.000000e+01
   endloop
 endfacet
 facet normal -5.320321e-01 -8.467242e-01 -0.000000e+00
   outer loop
     vertex  5.623490e+01  5.781831e+01  6.000000e+01
     vertex  5.433884e+01  5.900969e+01  1.000000e+01
     vertex  5.623490e+01  5.781831e+01  1.000000e+01
   endloop
 endfacet
 facet normal -7.071068e-01 -7.071068e-01  1.548932e-18
   outer loop
     vertex  5.623490e+01  5.781831e+01  6.000000e+01
     vertex  5.781831e+01  5.623490e+01  1.000000e+01
     vertex  5.781831e+01  5.623490e+01  6.000000e+01
   endloop
 endfacet
 facet normal -5.320321e-01 -8.467242e-01 -0.000000e+00
   outer loop
     vertex  5.433884e+01  5.900969e+01  6.000000e+01
     vertex  5.433884e+01  5.900969e+01  1.000000e+01
     vertex  5.623490e+01  5.781831e+01  6.000000e+01
   endloop
 endfacet
 facet normal -3.302791e-01 -9.438833e-01 -0.000000e+00
   outer loop
     vertex  5.222521e+01  5.974928e+01  6.000000e+01
     vertex  5.222521e+01  5.974928e+01  1.000000e+01
     vertex  5.433884e+01  5.900969e+01  1.000000e+01
   endloop
 endfacet
 facet normal -3.302791e-01 -9.438833e-01  9.467560e-19
   outer loop
     vertex  5.222521e+01  5.974928e+01  6.000000e+01
     vertex  5.433884e+01  5.900969e+01  1.000000e+01
     vertex  5.433884e+01  5.900969e+01  6.000000e+01
   endloop
 endfacet
 facet normal -1.119645e-01 -9.937122e-01 -0.000000e+00
   outer loop
     vertex  5.000000e+01  6.000000e+01  6.000000e+01
     vertex  5.000000e+01  6.000000e+01  1.000000e+01
     vertex  5.222521e+01  5.974928e+01  1.000000e+01
   endloop
 endfacet
 facet normal -1.119645e-01 -9.937122e-01 -1.191473e-19
   outer loop
     vertex  5.000000e+01  6.000000e+01  6.000000e+01
     vertex  5.222521e+01  5.974928e+01  1.000000e+01
     vertex  5.222521e+01  5.974928e+01  6.000000e+01
   endloop
 endfacet
 facet normal -0.000000e+00 -1.000000e+00  0.000000e+00
   outer loop
     vertex  5.000000e+01  6.000000e+01  6.000000e+01
     vertex -5.000000e+01  6.000000e+01  6.000000e+01
     vertex -5.000000e+01  6.000000e+01  1.000000e+01
   endloop
 endfacet
 facet normal  0.000000e+00 -1.000000e+00  0.000000e+00
   outer loop
     vertex  5.000000e+01  6.000000e+01  1.000000e+01
     vertex  5.000000e+01  6.000000e+01  6.000000e+01
     vertex -5.000000e+01  6.000000e+01  1.000000e+01
   endloop
 endfacet
 facet normal  1.119645e-01 -9.937122e-01  1.191473e-19
   outer loop
     vertex -5.222521e+01  5.974928e+01  6.000000e+01
     vertex -5.000000e+01  6.000000e+01  1.000000e+01
     vertex -5.000000e+01  6.000000e+01  6.000000e+01
   endloop
 endfacet
 facet normal  1.119645e-01 -9.937122e-01  0.000000e+00
   outer loop
     vertex -5.222521e+01  5.974928e+01  6.000000e+01
     vertex -5.222521e+01  5.974928e+01  1.000000e+01
     vertex -5.000000e+01  6.000000e+01  1.000000e+01
   endloop
 endfacet
 facet normal  3.302791e-01 -9.438833e-01  0.000000e+00
   outer loop
     vertex -5.222521e+01  5.974928e+01  6.000000e+01
     vertex -5.433884e+01  5.900969e+01  1.000000e+01
     vertex -5.222521e+01  5.974928e+01  1.000000e+01
   endloop
 endfacet
 facet normal  5.320321e-01 -8.467242e-01  0.000000e+00
   outer loop
     vertex -5.433884e+01  5.900969e+01  6.000000e+01
     vertex -5.623490e+01  5.781831e+01  1.000000e+01
     vertex -5.433884e+01  5.900969e+01  1.000000e+01
   endloop
 endfacet
 facet normal  3.302791e-01 -9.438833e-01  0.000000e+00
   outer loop
     vertex -5.433884e+01  5.900969e+01  6.000000e+01
     vertex -5.433884e+01  5.900969e+01  1.000000e+01
     vertex -5.222521e+01  5.974928e+01  6.000000e+01
   endloop
 endfacet
 facet normal  5.320321e-01 -8.467242e-01  0.000000e+00
   outer loop
     vertex -5.623490e+01  5.781831e+01  6.000000e+01
     vertex -5.623490e+01  5.781831e+01  1.000000e+01
     vertex -5.433884e+01  5.900969e+01  6.000000e+01
   endloop
 endfacet
 facet normal  7.071068e-01 -7.071068e-01  0.000000e+00
   outer loop
     vertex -5.781831e+01  5.623490e+01  6.000000e+01
     vertex -5.781831e+01  5.623490e+01  1.000000e+01
     vertex -5.623490e+01  5.781831e+01  1.000000e+01
   endloop
 endfacet
 facet normal  8.467242e-01 -5.320321e-01  0.000000e+00
   outer loop
     vertex -5.781831e+01  5.623490e+01  6.000000e+01
     vertex -5.900969e+01  5.433884e+01  1.000000e+01
     vertex -5.781831e+01  5.623490e+01  1.000000e+01
   endloop
 endfacet
 facet normal  7.071068e-01 -7.071068e-01 -1.548932e-18
   outer loop
     vertex -5.781831e+01  5.623490e+01  6.000000e+01
     vertex -5.623490e+01  5.781831e+01  1.000000e+01
     vertex -5.623490e+01  5.781831e+01  6.000000e+01
   endloop
 endfacet
 facet normal  8.467242e-01 -5.320321e-01  0.000000e+00
   outer loop
     vertex -5.900969e+01  5.433884e+01  6.000000e+01
     vertex -5.900969e+01  5.433884e+01  1.000000e+01
     vertex -5.781831e+01  5.623490e+01  6.000000e+01
   endloop
 endfacet
 facet normal  9.438833e-01 -3.302791e-01  0.000000e+00
   outer loop
     vertex -5.974928e+01  5.222521e+01  6.000000e+01
     vertex -5.974928e+01  5.222521e+01  1.000000e+01
     vertex -5.900969e+01  5.433884e+01  1.000000e+01
   endloop
 endfacet
 facet normal  9.438833e-01 -3.302791e-01 -9.467560e-19
   outer loop
     vertex -5.974928e+01  5.222521e+01  6.000000e+01
     vertex -5.900969e+01  5.433884e+01  1.000000e+01
     vertex -5.900969e+01  5.433884e+01  6.000000e+01
   endloop
 endfacet
 facet normal  9.937122e-01 -1.119645e-01  0.000000e+00
   outer loop
     vertex -6.000000e+01  5.000000e+01  6.000000e+01
     vertex -6.000000e+01  5.000000e+01  1.000000e+01
     vertex -5.974928e+01  5.222521e+01  1.000000e+01
   endloop
 endfacet
 facet normal  9.937122e-01 -1.119645e-01  1.191473e-19
   outer loop
     vertex -6.000000e+01  5.000000e+01  6.000000e+01
     vertex -5.974928e+01  5.222521e+01  1.000000e+01
     vertex -5.974928e+01  5.222521e+01  6.000000e+01
   endloop
 endfacet
 facet normal  1.000000e+00  0.000000e+00  0.000000e+00
   outer loop
     vertex -6.000000e+01 -5.000000e+01  1.000000e+01
     vertex -6.000000e+01  5.000000e+01  1.000000e+01
     vertex -6.000000e+01  5.000000e+01  6.000000e+01
   endloop
 endfacet
 facet normal  1.000000e+00 -0.000000e+00  0.000000e+00
   outer loop
     vertex -6.000000e+01 -5.000000e+01  6.000000e+01
     vertex -6.000000e+01 -5.000000e+01  1.000000e+01
     vertex -6.000000e+01  5.000000e+01  6.000000e+01
   endloop
 endfacet
 facet normal  9.937122e-01  1.119645e-01 -1.191473e-19
   outer loop
     vertex -5.974928e+01 -5.222521e+01  6.000000e+01
     vertex -6.000000e+01 -5.000000e+01  1.000000e+01
     vertex -6.000000e+01 -5.000000e+01  6.000000e+01
   endloop
 endfacet
 facet normal  9.937122e-01  1.119645e-01  0.000000e+00
   outer loop
     vertex -5.974928e+01 -5.222521e+01  6.000000e+01
     vertex -5.974928e+01 -5.222521e+01  1.000000e+01
     vertex -6.000000e+01 -5.000000e+01  1.000000e+01
   endloop
 endfacet
 facet normal  9.438833e-01  3.302791e-01  0.000000e+00
   outer loop
     vertex -5.974928e+01 -5.222521e+01  6.000000e+01
     vertex -5.900969e+01 -5.433884e+01  1.000000e+01
     vertex -5.974928e+01 -5.222521e+01  1.000000e+01
   endloop
 endfacet
 facet normal  8.467242e-01  5.320321e-01  0.000000e+00
   outer loop
     vertex -5.900969e+01 -5.433884e+01  6.000000e+01
     vertex -5.781831e+01 -5.623490e+01  1.000000e+01
     vertex -5.900969e+01 -5.433884e+01  1.000000e+01
   endloop
 endfacet
 facet normal  9.438833e-01  3.302791e-01  0.000000e+00
   outer loop
     vertex -5.900969e+01 -5.433884e+01  6.000000e+01
     vertex -5.900969e+01 -5.433884e+01  1.000000e+01
     vertex -5.974928e+01 -5.222521e+01  6.000000e+01
   endloop
 endfacet
 facet normal  8.467242e-01  5.320321e-01  0.000000e+00
   outer loop
     vertex -5.781831e+01 -5.623490e+01  6.000000e+01
     vertex -5.781831e+01 -5.623490e+01  1.000000e+01
     vertex -5.900969e+01 -5.433884e+01  6.000000e+01
   endloop
 endfacet
 facet normal  7.071068e-01  7.071068e-01  0.000000e+00
   outer loop
     vertex -5.623490e+01 -5.781831e+01  6.000000e+01
     vertex -5.623490e+01 -5.781831e+01  1.000000e+01
     vertex -5.781831e+01 -5.623490e+01  1.000000e+01
   endloop
 endfacet
 facet normal  5.320321e-01  8.467242e-01  0.000000e+00
   outer loop
     vertex -5.623490e+01 -5.781831e+01  6.000000e+01
     vertex -5.433884e+01 -5.900969e+01  1.000000e+01
     vertex -5.623490e+01 -5.781831e+01  1.000000e+01
   endloop
 endfacet
 facet normal  7.071068e-01  7.071068e-01  2.215217e-19
   outer loop
     vertex -5.623490e+01 -5.781831e+01  6.000000e+01
     vertex -5.781831e+01 -5.623490e+01  1.000000e+01
     vertex -5.781831e+01 -5.623490e+01  6.000000e+01
   endloop
 endfacet
 facet normal  5.320321e-01  8.467242e-01  0.000000e+00
   outer loop
     vertex -5.433884e+01 -5.900969e+01  6.000000e+01
     vertex -5.433884e+01 -5.900969e+01  1.000000e+01
     vertex -5.623490e+01 -5.781831e+01  6.000000e+01
   endloop
 endfacet
 facet normal  3.302791e-01  9.438833e-01  0.000000e+00
   outer loop
     vertex -5.222521e+01 -5.974928e+01  6.000000e+01
     vertex -5.222521e+01 -5.974928e+01  1.000000e+01
     vertex -5.433884e+01 -5.900969e+01  1.000000e+01
   endloop
 endfacet
 facet normal  3.302791e-01  9.438833e-01  9.467560e-19
   outer loop
     vertex -5.222521e+01 -5.974928e+01  6.000000e+01
     vertex -5.433884e+01 -5.900969e+01  1.000000e+01
     vertex -5.433884e+01 -5.900969e+01  6.000000e+01
   endloop
 endfacet
 facet normal  1.119645e-01  9.937122e-01  0.000000e+00
   outer loop
     vertex -5.000000e+01 -6.000000e+01  6.000000e+01
     vertex -5.000000e+01 -6.000000e+01  1.000000e+01
     vertex -5.222521e+01 -5.974928e+01  1.000000e+01
   endloop
 endfacet
 facet normal  1.119645e-01  9.937122e-01 -1.191473e-19
   outer loop
     vertex -5.000000e+01 -6.000000e+01  6.000000e+01
     vertex -5.222521e+01 -5.974928e+01  1.000000e+01
     vertex -5.222521e+01 -5.974928e+01  6.000000e+01
   endloop
 endfacet
 facet normal  0.000000e+00  1.000000e+00  0.000000e+00
   outer loop
     vertex  5.000000e+01 -6.000000e+01  6.000000e+01
     vertex -5.000000e+01 -6.000000e+01  1.000000e+01
     vertex -5.000000e+01 -6.000000e+01  6.000000e+01
   endloop
 endfacet
 facet normal  0.000000e+00  1.000000e+00 -0.000000e+00
   outer loop
     vertex  5.000000e+01 -6.000000e+01  1.000000e+01
     vertex -5.000000e+01 -6.000000e+01  1.000000e+01
     vertex  5.000000e+01 -6.000000e+01  6.000000e+01
   endloop
 endfacet
 facet normal -1.119645e-01  9.937122e-01  1.191473e-19
   outer loop
     vertex  5.222521e+01 -5.974928e+01  6.000000e+01
     vertex  5.000000e+01 -6.000000e+01  1.000000e+01
     vertex  5.000000e+01 -6.000000e+01  6.000000e+01
   endloop
 endfacet
 facet normal -1.119645e-01  9.937122e-01  0.000000e+00
   outer loop
     vertex  5.222521e+01 -5.974928e+01  6.000000e+01
     vertex  5.222521e+01 -5.974928e+01  1.000000e+01
     vertex  5.000000e+01 -6.000000e+01  1.000000e+01
   endloop
 endfacet
 facet normal -3.302791e-01  9.438833e-01  0.000000e+00
   outer loop
     vertex  5.222521e+01 -5.974928e+01  6.000000e+01
     vertex  5.433884e+01 -5.900969e+01  1.000000e+01
     vertex  5.222521e+01 -5.974928e+01  1.000000e+01
   endloop
 endfacet
 facet normal -5.320321e-01  8.467242e-01  0.000000e+00
   outer loop
     vertex  5.433884e+01 -5.900969e+01  6.000000e+01
     vertex  5.623490e+01 -5.781831e+01  1.000000e+01
     vertex  5.433884e+01 -5.900969e+01  1.000000e+01
   endloop
 endfacet
 facet normal -3.302791e-01  9.438833e-01  0.000000e+00
   outer loop
     vertex  5.433884e+01 -5.900969e+01  6.000000e+01
     vertex  5.433884e+01 -5.900969e+01  1.000000e+01
     vertex  5.222521e+01 -5.974928e+01  6.000000e+01
   endloop
 endfacet
 facet normal -5.320321e-01  8.467242e-01  0.000000e+00
   outer loop
     vertex  5.623490e+01 -5.781831e+01  6.000000e+01
     vertex  5.623490e+01 -5.781831e+01  1.000000e+01
     vertex  5.433884e+01 -5.900969e+01  6.000000e+01
   endloop
 endfacet
 facet normal -7.071068e-01  7.071068e-01  0.000000e+00
   outer loop
     vertex  5.781831e+01 -5.623490e+01  6.000000e+01
     vertex  5.781831e+01 -5.623490e+01  1.000000e+01
     vertex  5.623490e+01 -5.781831e+01  1.000000e+01
   endloop
 endfacet
 facet normal -8.467242e-01  5.320321e-01  0.000000e+00
   outer loop
     vertex  5.781831e+01 -5.623490e+01  6.000000e+01
     vertex  5.900969e+01 -5.433884e+01  1.000000e+01
     vertex  5.781831e+01 -5.623490e+01  1.000000e+01
   endloop
 endfacet
 facet normal -7.071068e-01  7.071068e-01 -2.215217e-19
   outer loop
     vertex  5.781831e+01 -5.623490e+01  6.000000e+01
     vertex  5.623490e+01 -5.781831e+01  1.000000e+01
     vertex  5.623490e+01 -5.781831e+01  6.000000e+01
   endloop
 endfacet
 facet normal -8.467242e-01  5.320321e-01  0.000000e+00
   outer loop
     vertex  5.900969e+01 -5.433884e+01  6.000000e+01
     vertex  5.900969e+01 -5.433884e+01  1.000000e+01
     vertex  5.781831e+01 -5.623490e+01  6.000000e+01
   endloop
 endfacet
 facet normal -9.438833e-01  3.302791e-01  0.000000e+00
   outer loop
     vertex  5.974928e+01 -5.222521e+01  6.000000e+01
     vertex  5.974928e+01 -5.222521e+01  1.000000e+01
     vertex  5.900969e+01 -5.433884e+01  1.000000e+01
   endloop
 endfacet
 facet normal -9.438833e-01  3.302791e-01 -9.467560e-19
   outer loop
     vertex  5.974928e+01 -5.222521e+01  6.000000e+01
     vertex  5.900969e+01 -5.433884e+01  1.000000e+01
     vertex  5.900969e+01 -5.433884e+01  6.000000e+01
   endloop
 endfacet
 facet normal -9.937122e-01  1.119645e-01  0.000000e+00
   outer loop
     vertex  6.000000e+01 -5.000000e+01  6.000000e+01
     vertex  6.000000e+01 -5.000000e+01  1.000000e+01
     vertex  5.974928e+01 -5.222521e+01  1.000000e+01
   endloop
 endfacet
 facet normal -9.937122e-01  1.119645e-01  1.191473e-19
   outer loop
     vertex  6.000000e+01 -5.000000e+01  6.000000e+01
     vertex  5.974928e+01 -5.222521e+01  1.000000e+01
     vertex  5.974928e+01 -5.222521e+01  6.000000e+01
   endloop
 endfacet
 facet normal  0.000000e+00  0.000000e+00  1.000000e+00
   outer loop
     vertex -5.433884e+01 -5.900969e+01  1.000000e+01
     vertex -5.781831e+01 -5.623490e+01  1.000000e+01
     vertex -5.623490e+01 -5.781831e+01  1.000000e+01
   endloop
 endfacet
 facet normal  0.000000e+00  0.000000e+00  1.000000e+00
   outer loop
     vertex -5.974928e+01 -5.222521e+01  1.000000e+01
     vertex -5.900969e+01 -5.433884e+01  1.000000e+01
     vertex -5.781831e+01 -5.623490e+01  1.000000e+01
   endloop
 endfacet
 facet normal  0.000000e+00  0.000000e+00  1.000000e+00
   outer loop
     vertex -5.222521e+01 -5.974928e+01  1.000000e+01
     vertex -5.781831e+01 -5.623490e+01  1.000000e+01
     vertex -5.433884e+01 -5.900969e+01  1.000000e+01
   endloop
 endfacet
 facet normal  0.000000e+00  0.000000e+00  1.000000e+00
   outer loop
     vertex -5.222521e+01 -5.974928e+01  1.000000e+01
     vertex -5.974928e+01 -5.222521e+01  1.000000e+01
     vertex -5.781831e+01 -5.623490e+01  1.000000e+01
   endloop
 endfacet
 facet normal  0.000000e+00  0.000000e+00  1.000000e+00
   outer loop
     vertex -5.000000e+01 -6.000000e+01  1.000000e+01
     vertex -5.974928e+01 -5.222521e+01  1.000000e+01
     vertex -5.222521e+01 -5.974928e+01  1.000000e+01
   endloop
 endfacet
 facet normal  0.000000e+00  0.000000e+00  1.000000e+00
   outer loop
     vertex -6.000000e+01 -5.000000e+01  1.000000e+01
     vertex -5.974928e+01 -5.222521e+01  1.000000e+01
     vertex -5.000000e+01 -6.000000e+01  1.000000e+01
   endloop
 endfacet
 facet normal  0.000000e+00  0.000000e+00  1.000000e+00
   outer loop
     vertex -6.000000e+01  5.000000e+01  1.000000e+01
     vertex -5.000000e+01 -6.000000e+01  1.000000e+01
     vertex  5.000000e+01 -6.000000e+01  1.000000e+01
   endloop
 endfacet
 facet normal  0.000000e+00  0.000000e+00  1.000000e+00
   outer loop
     vertex -6.000000e+01  5.000000e+01  1.000000e+01
     vertex -6.000000e+01 -5.000000e+01  1.000000e+01
     vertex -5.000000e+01 -6.000000e+01  1.000000e+01
   endloop
 endfacet
 facet normal  0.000000e+00  0.000000e+00  1.000000e+00
   outer loop
     vertex  5.623490e+01 -5.781831e+01  1.000000e+01
     vertex  5.000000e+01 -6.000000e+01  1.000000e+01
     vertex  5.222521e+01 -5.974928e+01  1.000000e+01
   endloop
 endfacet
 facet normal  0.000000e+00  0.000000e+00  1.000000e+00
   outer loop
     vertex  5.623490e+01 -5.781831e+01  1.000000e+01
     vertex  5.222521e+01 -5.974928e+01  1.000000e+01
     vertex  5.433884e+01 -5.900969e+01  1.000000e+01
   endloop
 endfacet
 facet normal  0.000000e+00  0.000000e+00  1.000000e+00
   outer loop
     vertex -5.781831e+01  5.623490e+01  1.000000e+01
     vertex -5.900969e+01  5.433884e+01  1.000000e+01
     vertex -5.974928e+01  5.222521e+01  1.000000e+01
   endloop
 endfacet
 facet normal  0.000000e+00  0.000000e+00  1.000000e+00
   outer loop
     vertex -5.781831e+01  5.623490e+01  1.000000e+01
     vertex -5.974928e+01  5.222521e+01  1.000000e+01
     vertex -6.000000e+01  5.000000e+01  1.000000e+01
   endloop
 endfacet
 facet normal  0.000000e+00  0.000000e+00  1.000000e+00
   outer loop
     vertex  5.781831e+01 -5.623490e+01  1.000000e+01
     vertex  5.000000e+01 -6.000000e+01  1.000000e+01
     vertex  5.623490e+01 -5.781831e+01  1.000000e+01
   endloop
 endfacet
 facet normal  0.000000e+00  0.000000e+00  1.000000e+00
   outer loop
     vertex -5.222521e+01  5.974928e+01  1.000000e+01
     vertex -5.433884e+01  5.900969e+01  1.000000e+01
     vertex -5.623490e+01  5.781831e+01  1.000000e+01
   endloop
 endfacet
 facet normal  0.000000e+00  0.000000e+00  1.000000e+00
   outer loop
     vertex -5.222521e+01  5.974928e+01  1.000000e+01
     vertex -5.623490e+01  5.781831e+01  1.000000e+01
     vertex -5.781831e+01  5.623490e+01  1.000000e+01
   endloop
 endfacet
 facet normal  0.000000e+00  0.000000e+00  1.000000e+00
   outer loop
     vertex -5.222521e+01  5.974928e+01  1.000000e+01
     vertex -5.781831e+01  5.623490e+01  1.000000e+01
     vertex -6.000000e+01  5.000000e+01  1.000000e+01
   endloop
 endfacet
 facet normal  0.000000e+00  0.000000e+00  1.000000e+00
   outer loop
     vertex  5.974928e+01 -5.222521e+01  1.000000e+01
     vertex  5.781831e+01 -5.623490e+01  1.000000e+01
     vertex  5.900969e+01 -5.433884e+01  1.000000e+01
   endloop
 endfacet
 facet normal  0.000000e+00  0.000000e+00  1.000000e+00
   outer loop
     vertex  6.000000e+01 -5.000000e+01  1.000000e+01
     vertex -6.000000e+01  5.000000e+01  1.000000e+01
     vertex  5.000000e+01 -6.000000e+01  1.000000e+01
   endloop
 endfacet
 facet normal  0.000000e+00  0.000000e+00  1.000000e+00
   outer loop
     vertex  6.000000e+01 -5.000000e+01  1.000000e+01
     vertex  5.000000e+01 -6.000000e+01  1.000000e+01
     vertex  5.781831e+01 -5.623490e+01  1.000000e+01
   endloop
 endfacet
 facet normal  0.000000e+00  0.000000e+00  1.000000e+00
   outer loop
     vertex  6.000000e+01 -5.000000e+01  1.000000e+01
     vertex  5.781831e+01 -5.623490e+01  1.000000e+01
     vertex  5.974928e+01 -5.222521e+01  1.000000e+01
   endloop
 endfacet
 facet normal  0.000000e+00  0.000000e+00  1.000000e+00
   outer loop
     vertex -5.000000e+01  6.000000e+01  1.000000e+01
     vertex -5.222521e+01  5.974928e+01  1.000000e+01
     vertex -6.000000e+01  5.000000e+01  1.000000e+01
   endloop
 endfacet
 facet normal  0.000000e+00  0.000000e+00  1.000000e+00
   outer loop
     vertex  5.000000e+01  6.000000e+01  1.000000e+01
     vertex -6.000000e+01  5.000000e+01  1.000000e+01
     vertex  6.000000e+01 -5.000000e+01  1.000000e+01
   endloop
 endfacet
 facet normal  0.000000e+00  0.000000e+00  1.000000e+00
   outer loop
     vertex  5.000000e+01  6.000000e+01  1.000000e+01
     vertex -5.000000e+01  6.000000e+01  1.000000e+01
     vertex -6.000000e+01  5.000000e+01  1.000000e+01
   endloop
 endfacet
 facet normal  0.000000e+00  0.000000e+00  1.000000e+00
   outer loop
     vertex  6.000000e+01  5.000000e+01  1.000000e+01
     vertex  5.000000e+01  6.000000e+01  1.000000e+01
     vertex  6.000000e+01 -5.000000e+01  1.000000e+01
   endloop
 endfacet
 facet normal  0.000000e+00  0.000000e+00  1.000000e+00
   outer loop
     vertex  5.222521e+01  5.974928e+01  1.000000e+01
     vertex  5.000000e+01  6.000000e+01  1.000000e+01
     vertex  6.000000e+01  5.000000e+01  1.000000e+01
   endloop
 endfacet
 facet normal  0.000000e+00  0.000000e+00  1.000000e+00
   outer loop
     vertex  5.900969e+01  5.433884e+01  1.000000e+01
     vertex  6.000000e+01  5.000000e+01  1.000000e+01
     vertex  5.974928e+01  5.222521e+01  1.000000e+01
   endloop
 endfacet
 facet normal  0.000000e+00  0.000000e+00  1.000000e+00
   outer loop
     vertex  5.900969e+01  5.433884e+01  1.000000e+01
     vertex  5.222521e+01  5.974928e+01  1.000000e+01
     vertex  6.000000e+01  5.000000e+01  1.000000e+01
   endloop
 endfacet
 facet normal  0.000000e+00  0.000000e+00  1.000000e+00
   outer loop
     vertex  5.623490e+01  5.781831e+01  1.000000e+01
     vertex  5.433884e+01  5.900969e+01  1.000000e+01
     vertex  5.222521e+01  5.974928e+01  1.000000e+01
   endloop
 endfacet
 facet normal  0.000000e+00  0.000000e+00  1.000000e+00
   outer loop
     vertex  5.781831e+01  5.623490e+01  1.000000e+01
     vertex  5.222521e+01  5.974928e+01  1.000000e+01
     vertex  5.900969e+01  5.433884e+01  1.000000e+01
   endloop
 endfacet
 facet normal  0.000000e+00  0.000000e+00  1.000000e+00
   outer loop
     vertex  5.781831e+01  5.623490e+01  1.000000e+01
     vertex  5.623490e+01  5.781831e+01  1.000000e+01
     vertex  5.222521e+01  5.974928e+01  1.000000e+01
   endloop
 endfacet
endsolid
